# name: data
# type: matrix
# rows: 4000
# columns: 3
 2.1676 2.3089 2
 -0.0687 0.0964 1
 -0.1507 2.0222 2
 2.4445 2.7419 2
 -0.0807 1.4948 1
 0.0568 -1.4165 1
 0.2991 0.7079 1
 0.1469 0.4577 1
 0.5598 2.2904 2
 1.3242 1.9875 2
 -0.7048 2.3522 2
 -2.4047 1.5747 2
 0.9369 2.3552 2
 -0.0061 -0.6664 1
 -0.3334 -1.7519 1
 1.6993 2.5755 2
 0.1974 2.1732 2
 0.7761 1.9907 2
 0.3057 -1.8967 1
 2.0237 1.4509 2
 -0.1819 0.9896 1
 1.4527 1.6425 2
 -0.3764 -0.7241 1
 -0.2187 -1.3775 1
 -0.1715 -0.7686 1
 -0.2374 -0.763 1
 -0.1796 1.1746 1
 0.4195 1.8152 2
 -0.3237 0.8331 1
 2.838 2.4881 2
 -0.7842 2.1959 2
 -0.016 1.012 1
 -0.4042 -2.4596 1
 -0.3596 -2.1307 1
 0.5096 2.3446 1
 -0.4228 2.1442 2
 0.569 -0.3452 1
 -0.0725 1.9695 1
 0.7033 -0.1385 1
 -0.6703 1.354 2
 -0.3955 -1.9998 1
 2.0767 1.7463 2
 -0.1426 0.8204 1
 -1.6134 1.5947 2
 2.372 2.2521 2
 -0.0536 -0.3122 1
 0.4762 -1.225 1
 1.7401 1.8765 2
 0.3433 2.2912 2
 0.0288 -0.2939 1
 -1.5005 2.2211 2
 0.2979 -0.1023 1
 0.5309 2.234 2
 0.0774 0.3962 1
 -0.7344 1.9101 2
 0.2862 -0.4482 1
 -1.0629 2.109 2
 -0.2108 0.8082 1
 1.3041 1.7485 2
 0.0047 -0.3512 1
 -0.8714 2.3222 2
 -0.3115 0.2522 1
 -0.08 0.3295 1
 -0.6321 1.8581 2
 0.4616 2.0215 2
 0.4229 -1.6741 1
 -0.3769 1.1478 1
 -0.0304 1.162 1
 -0.557 2.2472 2
 0.0653 -1.2958 1
 -0.7893 1.3056 2
 0.0144 1.2324 1
 1.1055 1.7843 2
 -0.4463 1.0482 1
 -0.1139 1.965 2
 -0.553 1.6855 2
 1.9182 1.5494 2
 0.2729 -0.3096 1
 -0.5961 0.2208 1
 -0.0509 2.0072 2
 -2.4665 2.5959 2
 -0.286 1.8185 1
 2.6562 2.0968 2
 -0.2209 -0.2653 1
 -0.5002 1.3364 1
 -0.1224 2.4288 1
 0.629 2.0513 2
 -0.4225 0.762 1
 -0.0219 1.5787 1
 0.1063 0.3106 1
 0.1988 2.0249 2
 0.438 0.8005 1
 -1.8384 2.2057 2
 0.6674 1.9058 2
 0.0825 1.8931 2
 0.2689 0.4455 1
 -0.404 2.0716 2
 0.8558 1.755 2
 0.1715 1.1871 1
 -0.1034 1.729 2
 -0.3304 1.8917 1
 -0.0977 -1.5998 1
 0.1888 1.4745 2
 1.4175 1.8392 2
 1.302 2.4512 2
 -2.6104 2.1984 2
 -0.7668 -0.6666 1
 0.0424 2.0505 2
 0.2043 -1.8202 1
 -0.0102 -2.5189 1
 0.012 1.9227 1
 -0.1875 0.3895 1
 0.238 2.0513 2
 1.4545 2.3064 2
 -1.5902 2.2631 2
 -0.1285 2.0782 2
 -1.7472 1.5981 2
 -0.1019 0.7007 1
 -0.0659 0.5544 1
 -0.5005 -1.2628 1
 1.1811 2.3515 1
 -1.5005 2.2211 2
 -0.0394 2.261 1
 -1.8396 1.9905 2
 -0.4801 2.1444 2
 0.4975 -0.8344 1
 0.0111 2.0016 1
 1.6779 1.9017 2
 -0.1265 0.2668 1
 0.0057 -0.4919 1
 -0.2451 0.7893 1
 0.1741 -0.2057 1
 0.6168 1.6389 2
 -0.189 2.1308 1
 -0.6195 1.1747 1
 0.2165 0.368 1
 -0.4943 0.7813 1
 2.6796 2.1097 2
 0.7402 2.0052 2
 0.1696 -1.1455 1
 0.0498 0.2773 1
 -0.0433 -0.4906 1
 0.8454 1.8749 2
 -0.542 2.8072 2
 0.121 -1.3413 1
 -0.579 1.2712 2
 -0.4824 -0.0064 1
 0.281 -0.8385 1
 -0.4499 -0.2039 1
 2.4147 1.6901 2
 0.037 -2.824 1
 0.1285 -1.8291 1
 -0.2217 1.8217 2
 1.2176 1.8058 2
 0.149 0.5504 1
 -0.0297 0.2695 1
 -0.3463 1.8731 2
 -0.3246 1.6209 1
 -0.4089 -0.4581 1
 0.8662 1.8264 2
 0.3185 1.4091 1
 -0.1682 2.1074 2
 -0.1257 1.635 2
 0.0728 -2.6755 1
 0.2546 -0.3173 1
 0.5799 2.2012 1
 -0.3681 0.2192 1
 -0.6977 2.0367 2
 0.3239 -0.2105 1
 -3.1362 1.8343 2
 -2.2849 2.4383 2
 -0.1745 0.5015 1
 -1.3214 1.7821 2
 0.0048 -1.5583 1
 -0.0735 2.2503 2
 -0.52 2.0559 2
 0.1243 -1.0883 1
 -0.3761 -0.3787 1
 -0.0467 -1.6427 1
 -0.3464 -2.402 1
 -0.2277 2.1304 2
 -3.1008 2.6434 2
 0.2694 -0.3069 1
 0.1818 2.0207 2
 -0.8584 0.0487 1
 0.1234 -0.5836 1
 -0.3368 1.9698 1
 0.1937 2.2138 1
 1.2827 1.8084 2
 0.235 1.1547 1
 -0.5041 -1.444 1
 0.2314 -0.4593 1
 -0.7714 -0.0971 1
 -0.1826 1.6157 1
 1.457 2.4648 2
 -0.0302 -0.1848 1
 -1.4143 2.1621 2
 -0.6542 2.7929 2
 0.0707 0.1396 1
 0.2937 2.2574 2
 -0.2704 0.7021 1
 0.562 2.0328 2
 -0.8834 1.4505 2
 -2.2873 2.199 2
 -0.3202 0.5127 1
 0.5109 -1.3692 1
 -0.1329 1.6666 1
 -0.1086 1.2316 1
 0.2024 1.2983 1
 -0.0192 -0.1733 1
 -0.224 2.4889 2
 -0.3196 -0.1503 1
 0.0154 0.6546 1
 0.3723 -1.52 1
 -0.1732 0.1034 1
 0.2706 -0.2334 1
 0.4543 -0.4282 1
 -0.127 2.1052 2
 -0.294 0.3953 1
 1.9857 1.7046 2
 -0.4357 0.1863 1
 0.346 1.9945 1
 -0.3728 1.8577 2
 -0.5185 2.6126 1
 1.8257 2.2428 2
 -0.0479 -0.1767 1
 0.2333 0.8011 1
 -0.8111 2.0514 2
 -0.736 -1.3056 1
 -0.069 -0.3809 1
 -0.4042 2.0891 2
 -1.4141 1.8852 2
 -0.0105 0.3557 1
 0.1492 0.0704 1
 -0.1366 -1.7564 1
 -1.2019 2.0644 2
 0.0873 -1.121 1
 -0.3813 -0.014 1
 0.3167 -0.3007 1
 -0.7006 1.9463 2
 0.218 -0.1584 1
 0.1594 1.2568 1
 1.4896 2.0727 2
 0.0314 -1.0561 1
 0.3297 2.5695 2
 0.184 1.9723 2
 -0.1226 0.6054 1
 0.4648 2.1435 2
 0.4153 -0.0156 1
 0.0428 -0.5718 1
 -1.18 1.6215 2
 0.2598 2.7747 1
 -0.1188 -1.0121 1
 0.0431 1.6307 2
 -0.0384 -0.5915 1
 0.8868 2.0543 2
 -0.1458 -2.143 1
 -2.0051 1.794 2
 1.7057 2.0473 2
 0.4102 -0.4835 1
 0.8497 1.7086 2
 -0.3033 0.6387 1
 0.9993 2.267 2
 -0.0668 1.4793 1
 -2.2095 1.5718 2
 -0.2696 1.7102 2
 1.5353 1.6967 2
 -0.9271 2.2442 2
 -0.0209 2.2044 2
 -0.206 0.6949 1
 -1.8163 2.6295 2
 -1.0723 1.7145 2
 1.1347 2.0261 2
 0.0233 1.8036 1
 0.3677 -0.164 1
 0.3263 -0.4704 1
 -0.3794 0.971 1
 -3.612 2.067 2
 -0.1251 1.577 2
 0.0345 1.4894 1
 -0.5178 1.2251 1
 -0.1783 2.1071 2
 1.3749 2.1352 2
 0.3124 1.6954 2
 -0.0517 1.2522 1
 -0.0403 -1.3133 1
 -0.199 -1.98 1
 -0.6079 -1.0522 1
 -0.0395 -0.1554 1
 2.1762 2.1252 2
 -1.2842 2.0125 2
 0.1037 0.8367 1
 -0.852 2.109 2
 -0.8384 2.0791 2
 -0.1488 1.9444 2
 -0.6416 1.2438 2
 0.1196 -0.4619 1
 2.364 2.1353 2
 0.0767 -1.0259 1
 -2.0235 2.1338 2
 -2.1161 2.4806 2
 -0.5921 0.0516 1
 0.4068 0.6927 1
 -0.3477 1.5363 1
 -0.9604 2.3533 2
 0.6052 0.8196 1
 0.1918 -0.7968 1
 -2.0206 2.217 2
 0.2589 -1.9442 1
 1.6315 2.2015 2
 0.3218 1.7553 2
 -1.127 1.9368 2
 -0.5774 2.8033 2
 0.1083 -0.5716 1
 1.7422 1.8472 2
 -0.9568 2.3941 2
 0.0437 1.8084 2
 0.0247 -0.4169 1
 -0.32 1.1992 1
 -0.0922 -0.53 1
 -1.2329 1.9949 2
 -0.2846 1.7787 2
 -0.365 -1.1202 1
 -1.1718 2.2472 2
 0.429 2.1935 2
 0.4462 0.4994 1
 -0.7149 1.4966 2
 -1.5069 2.1605 2
 -0.1744 2.6328 2
 0.1126 0.8925 1
 -0.8077 1.817 2
 1.9726 1.9894 2
 3.3807 1.9249 2
 0.1114 1.2756 1
 0.1633 0.4768 1
 -2.9057 2.1224 2
 1.6743 1.2789 2
 -1.0976 2.2445 2
 -0.3998 3.2568 1
 -0.6969 1.5064 2
 0.317 1.3156 1
 0.8439 2.1637 2
 -0.0298 0.4393 1
 1.0199 2.1663 2
 -0.0217 -1.9568 1
 0.5627 1.7852 2
 -0.3445 -0.781 1
 -0.4719 4.8827 1
 1.0463 2.0382 2
 1.3901 1.9706 2
 -0.2397 0.1369 1
 -0.1093 -0.426 1
 -0.3575 2.5709 2
 0.2383 -2.0583 1
 -0.5004 0.6123 1
 -0.1546 -1.1743 1
 0.7481 -0.7089 1
 0.2619 -0.7318 1
 1.3741 2.1241 2
 0.5944 2.4541 2
 0.2082 -0.0183 1
 1.1639 1.933 2
 0.0053 -0.9026 1
 -0.4356 -1.5549 1
 0.6613 1.8629 2
 -0.5712 0.6039 1
 0.2202 -1.9281 1
 -0.0974 -1.9199 1
 -1.2402 2.1251 2
 0.3706 2.2001 1
 -0.8941 1.9578 2
 -0.3425 2.8629 2
 -2.0039 1.4479 2
 0.0134 2.0479 2
 -0.2707 0.4994 1
 -0.8367 2.169 2
 1.0516 1.8976 2
 -0.051 -2.5341 1
 0.0533 2.0155 2
 -0.8755 1.7101 2
 0.021 0.0808 1
 0.8138 2.1024 2
 -0.3346 -0.0301 1
 -0.1791 -3.0744 1
 -0.3976 -1.3411 1
 0.6552 1.8014 2
 -0.9345 2.5328 2
 -0.3893 1.6897 2
 -0.13 0.2521 1
 -0.1972 -0.057 1
 0.2348 1.8254 2
 2.3271 1.4956 2
 0.133 1.0758 1
 -0.1557 3.6533 1
 0.5227 2.3181 2
 -1.9509 1.6161 2
 0.1899 -0.2967 1
 -0.1315 1.3935 2
 -0.3854 1.4619 1
 1.2276 1.9993 2
 -1.0219 2.1914 2
 1.3428 2.5073 2
 -1.5279 2.191 2
 0.0505 1.8258 1
 -0.2267 2.0457 2
 0.3227 -1.3144 1
 0.0691 2.4123 2
 -0.824 1.8571 2
 -0.2101 1.5838 1
 -1.3485 2.3618 2
 0.5162 -0.778 1
 0.085 -1.1639 1
 -0.0009 1.2749 1
 1.4295 1.721 2
 0.0991 2.2297 1
 1.3704 1.3116 2
 0.3434 2.07 2
 0.0214 3.1653 1
 0.3502 0.3311 1
 -1.4572 2.8052 2
 0.0732 1.1904 1
 2.5286 1.9645 2
 -0.1469 1.9643 1
 0.4447 2.0441 2
 0.4474 0.8609 1
 -0.0619 0.9526 1
 0.6133 1.9463 2
 0.4851 2.6802 2
 0.1809 1.8452 2
 1.5613 2.3111 2
 -0.3703 1.9854 2
 -3.1137 1.6749 2
 -2.0013 2.0864 2
 -0.0674 2.0716 2
 -0.0074 -3.8266 1
 0.2963 -0.1523 1
 -0.0814 1.9012 1
 -0.0234 1.5396 1
 0.1472 -0.8303 1
 -4.0495 1.3079 2
 0.0047 1.2303 1
 1.6993 2.5755 2
 -0.3848 2.1753 2
 -0.3405 1.9163 2
 -0.0507 -3.1255 1
 0.0934 -0.7842 1
 -0.2093 1.9874 2
 0.1575 2.1824 2
 2.0389 1.8758 2
 -3.5811 1.8108 2
 0.0859 1.2212 1
 -0.0445 -1.8638 1
