# Created by Octave 5.1.0, Mon Apr 20 17:52:45 2020 GMT <unknown@LAPTOP-98VUH47R>
# name: errores
# type: matrix
# rows: 2
# columns: 2
 200 3.4333333333333336
 500 3.4333333333333336


