# Created by Octave 5.1.0, Fri Apr 17 20:45:38 2020 GMT <unknown@LAPTOP-98VUH47R>
# name: errores
# type: matrix
# rows: 1
# columns: 2
 2.8400000000000003 3.0899999999999999


