# name: data
# type: matrix
# rows: 8
# columns: 3
1 3 0
2 3 0
4 4 1
5 4 1
1 2 0
5 5 1
2 1 0
4 6 1