# Created by Octave 5.1.0, Sun Apr 19 13:25:30 2020 GMT <unknown@LAPTOP-98VUH47R>
# name: errores
# type: matrix
# rows: 1
# columns: 2
 2.75 3.2099999999999995


